R1 =  1000
R2 =  1000
R3 =  1000
R4 =  150000
C1 =    2.2000e-07
C2 =    1.1000e-07
fid =  11
ans = 0
T =

 Columns 1 and 2:

   4.3268e-02 + 2.0866e+00i   6.9025e-02 + 2.6351e+00i

 Columns 3 and 4:

   1.1010e-01 + 3.3274e+00i   1.7561e-01 + 4.2009e+00i

 Columns 5 and 6:

   2.8002e-01 + 5.3020e+00i   4.4637e-01 + 6.6884e+00i

 Columns 7 and 8:

   7.1114e-01 + 8.4310e+00i   1.1320e+00 + 1.0615e+01i

 Columns 9 and 10:

   1.7994e+00 + 1.3338e+01i   2.8540e+00 + 1.6708e+01i

 Columns 11 and 12:

   4.5109e+00 + 2.0827e+01i   7.0910e+00 + 2.5759e+01i

 Columns 13 and 14:

   1.1052e+01 + 3.1471e+01i   1.6999e+01 + 3.7713e+01i

 Columns 15 and 16:

   2.5629e+01 + 4.3853e+01i   3.7514e+01 + 4.8673e+01i

 Columns 17 and 18:

   5.2651e+01 + 5.0280e+01i   6.9812e+01 + 4.6412e+01i

 Columns 19 and 20:

   8.6114e+01 + 3.5401e+01i   9.7511e+01 + 1.7543e+01i

 Columns 21 and 22:

   1.0049e+02 - 4.1624e+00i   9.4061e+01 - 2.4927e+01i

 Columns 23 and 24:

   8.0331e+01 - 4.0417e+01i   6.3268e+01 - 4.8643e+01i

 Columns 25 and 26:

   4.6621e+01 - 5.0196e+01i   3.2644e+01 - 4.7122e+01i

 Columns 27 and 28:

   2.2026e+01 - 4.1619e+01i   1.4486e+01 - 3.5333e+01i

 Columns 29 and 30:

   9.3651e+00 - 2.9241e+01i   5.9868e+00 - 2.3808e+01i

 Columns 31 and 32:

   3.7995e+00 - 1.9185e+01i   2.4003e+00 - 1.5358e+01i

 Columns 33 and 34:

   1.5119e+00 - 1.2244e+01i   9.5057e-01 - 9.7359e+00i

 Columns 35 and 36:

   5.9695e-01 - 7.7290e+00i   3.7461e-01 - 6.1294e+00i

 Columns 37 and 38:

   2.3497e-01 - 4.8578e+00i   1.4734e-01 - 3.8485e+00i

 Columns 39 and 40:

   9.2375e-02 - 3.0480e+00i   5.7908e-02 - 2.4137e+00i

 Columns 41 and 42:

   3.6299e-02 - 1.9112e+00i   2.2752e-02 - 1.5132e+00i

 Columns 43 and 44:

   1.4261e-02 - 1.1981e+00i   8.9385e-03 - 9.4854e-01i

 Columns 45 and 46:

   5.6024e-03 - 7.5096e-01i   3.5114e-03 - 5.9453e-01i

 Columns 47 and 48:

   2.2008e-03 - 4.7068e-01i   1.3794e-03 - 3.7264e-01i

 Columns 49 and 50:

   8.6455e-04 - 2.9501e-01i   5.4187e-04 - 2.3355e-01i

 Columns 51 and 52:

   3.3962e-04 - 1.8490e-01i   2.1286e-04 - 1.4638e-01i

 Columns 53 and 54:

   1.3341e-04 - 1.1589e-01i   8.3618e-05 - 9.1747e-02i

 Columns 55 and 56:

   5.2408e-05 - 7.2635e-02i   3.2848e-05 - 5.7503e-02i

 Columns 57 and 58:

   2.0588e-05 - 4.5524e-02i   1.2903e-05 - 3.6041e-02i

 Columns 59 and 60:

   8.0874e-06 - 2.8533e-02i   5.0688e-06 - 2.2589e-02i

 Columns 61 and 62:

   3.1769e-06 - 1.7883e-02i   1.9912e-06 - 1.4158e-02i

 Columns 63 and 64:

   1.2480e-06 - 1.1209e-02i   7.8219e-07 - 8.8736e-03i

 Columns 65 and 66:

   4.9025e-07 - 7.0251e-03i   3.0727e-07 - 5.5616e-03i

 Columns 67 and 68:

   1.9258e-07 - 4.4030e-03i   1.2070e-07 - 3.4858e-03i

 Columns 69 and 70:

   7.5652e-08 - 2.7596e-03i   4.7416e-08 - 2.1848e-03i

wL =  4545.5
wH =  9090.9
wO1 =  6428.2
AV_HP =  0.81650
AV_HPdb = -1.7609
AV_Amp =  151
AV_Ampdb =  43.580
AV_LP =  0.81650
AV_LPdb = -1.7609
AV =  100.67
AVdb1 =  40.058
fid =  11
ans = 0
wO =  6283.2
AV_HP =  0.81021
AV_HPdb = -1.8280
AV_Amp =  151
AV_Ampdb =  43.580
AV_LP =  0.82264
AV_LPdb = -1.6958
AV =  100.64
AVdb2 =  40.056
z_in =  1000.00 -  723.43i
z_out =  676.73 - 467.72i
cost =    1.3627e+04
merit =    3.0924e-06
fid =  11
ans = 0
wO =  4545.5
AV_HP =  0.70711
AV_HPdb = -3.0103
AV_Amp =  151
AV_Ampdb =  43.580
AV_LP =  0.89443
AV_LPdb = -0.96912
AV =  95.501
AVdb2 =  39.600
wO =  9090.9
AV_HP =  0.89443
AV_HPdb = -0.96910
AV_Amp =  151
AV_Ampdb =  43.580
AV_LP =  0.70711
AV_LPdb = -3.0103
AV =  95.501
AVdb2 =  39.600
