

Please enter the lowest student number in your group: 


Units for the values: V, mA, kOhm, mS and uF


Values: 
R1 = 1.00196314014 
R2 = 2.082319235 
R3 = 3.05798143645 
R4 = 4.10496355098 
R5 = 3.03658050119 
R6 = 2.00356698935 
R7 = 1.0495200477 
Vs = 5.06400320393 
C = 1.01960705059 
Kb = 7.0260450587 
Kd = 8.35916956066 



