R1 = 1.00781211614 *1000;
R2 = 2.00311223204 *1000;
R3 = 3.04503555589 *1000;
R4 = 4.17896607062 *1000;
R5 = 3.10615699135 *1000;
R6 = 2.06090154363 *1000;
R7 = 1.00634569025 *1000;
Vs = 5.04864033546 ;
C = 1.02502620056 *0.000001;
Kb = 7.05958243797  /1000;
Kd = 8.03913881798  *1000;
