R1 = 1.00196314014 *1000;
R2 = 2.082319235 *1000;
R3 = 3.05798143645 *1000;
R4 = 4.10496355098 *1000;
R5 = 3.03658050119 *1000;
R6 = 2.00356698935 *1000;
R7 = 1.0495200477 *1000;
Vs = 5.06400320393 ;
C = 1.01960705059 *0.000001;
Kb = 7.0260450587  /1000;
Kd = 8.35916956066  *1000;
