

Please enter the lowest student number in your group: 


Units for the values: V, mA, kOhm, mS and uF


Values: 
R1 = 1.00781211614 
R2 = 2.00311223204 
R3 = 3.04503555589 
R4 = 4.17896607062 
R5 = 3.10615699135 
R6 = 2.06090154363 
R7 = 1.00634569025 
Vs = 5.04864033546 
C = 1.02502620056 
Kb = 7.05958243797 
Kd = 8.03913881798 



